kinematics:
  shoulder:
    x: 0
    y: 0
    z: 0.1519660081444376
    roll: -0
    pitch: 0
    yaw: -6.249451782342574e-06
  upper_arm:
    x: -5.504163752584921e-05
    y: 0
    z: 0
    roll: 1.57035844070046
    pitch: 0
    yaw: -8.393225099886523e-05
  forearm:
    x: -0.2435264112729306
    y: 0
    z: 0
    roll: 3.13568469877282
    pitch: -3.141371011267244
    yaw: 3.141553840800686
  wrist_1:
    x: -0.2132978269239776
    y: 0.00105104549555576
    z: 0.1122758238936106
    roll: 3.132231646398481
    pitch: 3.140915338998067
    yaw: 3.141543209319349
  wrist_2:
    x: 4.779179261660019e-05
    y: -0.08516866918854159
    z: -4.487865977861334e-07
    roll: 1.570801596180952
    pitch: 0
    yaw: 8.681494683992148e-05
  wrist_3:
    x: -0.0001681088688453091
    y: 0.08236191165636111
    z: 6.009502745915281e-06
    roll: 1.570869291380278
    pitch: 3.141592653589793
    yaw: -3.141543763283114
  hash: calib_2296481876046075298